{
 "cells": [
  {
   "cell_type": "code",
   "execution_count": 1,
   "metadata": {
    "collapsed": true
   },
   "outputs": [],
   "source": [
    "import pandas as pd\n",
    "import numpy as np\n",
    "import matplotlib.pyplot as plt\n",
    "%matplotlib inline\n",
    "import gc; gc.enable()\n",
    "import pickle\n",
    "from tqdm import tqdm\n",
    "import warnings ; warnings.filterwarnings('ignore')\n",
    "import os\n",
    "from GridSearcher import data_loader, model_loader, fit_params, get_oof_predictions, clip_rmse"
   ]
  },
  {
   "cell_type": "code",
   "execution_count": 6,
   "metadata": {
    "collapsed": true
   },
   "outputs": [],
   "source": [
    "train_y = pd.read_csv(\"regression_target.csv\").deal_probability.values"
   ]
  },
  {
   "cell_type": "code",
   "execution_count": 2,
   "metadata": {
    "collapsed": true
   },
   "outputs": [],
   "source": [
    "results = [{},{},{}]"
   ]
  },
  {
   "cell_type": "code",
   "execution_count": 3,
   "metadata": {
    "collapsed": true
   },
   "outputs": [],
   "source": [
    "results[0]['val_oof'] = pd.read_csv('stack_bagging_blending_411_complex_val.csv')['deal_probability'].values\n",
    "results[1]['val_oof'] = pd.read_csv('stack_bagging_blending_519_simple_val.csv')['deal_probability'].values\n",
    "results[2]['val_oof'] = pd.read_csv('stack_bagging_blending_719_simple_val.csv')['deal_probability'].values"
   ]
  },
  {
   "cell_type": "code",
   "execution_count": 4,
   "metadata": {
    "scrolled": true
   },
   "outputs": [],
   "source": [
    "results[0]['test_oof'] = pd.read_csv('stack_bagging_blending_411_complex.csv')['deal_probability'].values\n",
    "results[1]['test_oof'] = pd.read_csv('stack_bagging_blending_519_simple.csv')['deal_probability'].values\n",
    "results[2]['test_oof'] = pd.read_csv('stack_bagging_blending_719_simple.csv')['deal_probability'].values"
   ]
  },
  {
   "cell_type": "code",
   "execution_count": 7,
   "metadata": {
    "scrolled": true
   },
   "outputs": [
    {
     "name": "stderr",
     "output_type": "stream",
     "text": [
      "\r",
      "  0%|                                                                                       | 0/98 [00:00<?, ?it/s]"
     ]
    },
    {
     "name": "stdout",
     "output_type": "stream",
     "text": [
      "best score updated: 0.211365  coefficient=> 0.01, 0.01, 0.98\n",
      "best score updated: 0.211356  coefficient=> 0.01, 0.02, 0.97\n",
      "best score updated: 0.211348  coefficient=> 0.01, 0.03, 0.96\n",
      "best score updated: 0.211339  coefficient=> 0.01, 0.04, 0.95\n",
      "best score updated: 0.211331  coefficient=> 0.01, 0.05, 0.94\n",
      "best score updated: 0.211323  coefficient=> 0.01, 0.060000000000000005, 0.9299999999999999\n",
      "best score updated: 0.211315  coefficient=> 0.01, 0.06999999999999999, 0.92\n",
      "best score updated: 0.211307  coefficient=> 0.01, 0.08, 0.91\n",
      "best score updated: 0.211299  coefficient=> 0.01, 0.09, 0.9\n",
      "best score updated: 0.211292  coefficient=> 0.01, 0.09999999999999999, 0.89\n",
      "best score updated: 0.211285  coefficient=> 0.01, 0.11, 0.88\n",
      "best score updated: 0.211278  coefficient=> 0.01, 0.12, 0.87\n",
      "best score updated: 0.211271  coefficient=> 0.01, 0.13, 0.86\n",
      "best score updated: 0.211264  coefficient=> 0.01, 0.14, 0.85\n",
      "best score updated: 0.211258  coefficient=> 0.01, 0.15000000000000002, 0.84\n",
      "best score updated: 0.211251  coefficient=> 0.01, 0.16, 0.83\n",
      "best score updated: 0.211245  coefficient=> 0.01, 0.17, 0.82\n",
      "best score updated: 0.211240  coefficient=> 0.01, 0.18000000000000002, 0.8099999999999999\n",
      "best score updated: 0.211234  coefficient=> 0.01, 0.19, 0.8\n",
      "best score updated: 0.211228  coefficient=> 0.01, 0.2, 0.79\n",
      "best score updated: 0.211223  coefficient=> 0.01, 0.21000000000000002, 0.78\n",
      "best score updated: 0.211218  coefficient=> 0.01, 0.22, 0.77\n",
      "best score updated: 0.211213  coefficient=> 0.01, 0.23, 0.76\n",
      "best score updated: 0.211208  coefficient=> 0.01, 0.24000000000000002, 0.75\n",
      "best score updated: 0.211204  coefficient=> 0.01, 0.25, 0.74\n",
      "best score updated: 0.211200  coefficient=> 0.01, 0.26, 0.73\n",
      "best score updated: 0.211195  coefficient=> 0.01, 0.27, 0.72\n",
      "best score updated: 0.211192  coefficient=> 0.01, 0.28, 0.71\n",
      "best score updated: 0.211188  coefficient=> 0.01, 0.29000000000000004, 0.7\n",
      "best score updated: 0.211184  coefficient=> 0.01, 0.3, 0.69\n",
      "best score updated: 0.211181  coefficient=> 0.01, 0.31, 0.6799999999999999\n",
      "best score updated: 0.211178  coefficient=> 0.01, 0.32, 0.6699999999999999\n",
      "best score updated: 0.211175  coefficient=> 0.01, 0.33, 0.6599999999999999\n",
      "best score updated: 0.211172  coefficient=> 0.01, 0.34, 0.6499999999999999\n",
      "best score updated: 0.211169  coefficient=> 0.01, 0.35000000000000003, 0.6399999999999999\n",
      "best score updated: 0.211167  coefficient=> 0.01, 0.36000000000000004, 0.6299999999999999\n",
      "best score updated: 0.211165  coefficient=> 0.01, 0.37, 0.62\n",
      "best score updated: 0.211163  coefficient=> 0.01, 0.38, 0.61\n",
      "best score updated: 0.211161  coefficient=> 0.01, 0.39, 0.6\n",
      "best score updated: 0.211159  coefficient=> 0.01, 0.4, 0.59\n",
      "best score updated: 0.211158  coefficient=> 0.01, 0.41000000000000003, 0.58\n",
      "best score updated: 0.211157  coefficient=> 0.01, 0.42000000000000004, 0.57\n",
      "best score updated: 0.211156  coefficient=> 0.01, 0.43, 0.56\n",
      "best score updated: 0.211155  coefficient=> 0.01, 0.44, 0.55\n",
      "best score updated: 0.211154  coefficient=> 0.01, 0.45, 0.54\n",
      "best score updated: 0.211154  coefficient=> 0.01, 0.46, 0.53\n",
      "best score updated: 0.211153  coefficient=> 0.01, 0.47000000000000003, 0.52\n",
      "best score updated: 0.211153  coefficient=> 0.01, 0.48000000000000004, 0.51\n"
     ]
    },
    {
     "name": "stderr",
     "output_type": "stream",
     "text": [
      "\r",
      "  1%|▊                                                                              | 1/98 [00:05<08:37,  5.33s/it]"
     ]
    },
    {
     "name": "stdout",
     "output_type": "stream",
     "text": [
      "best score updated: 0.211150  coefficient=> 0.02, 0.23, 0.75\n",
      "best score updated: 0.211146  coefficient=> 0.02, 0.24000000000000002, 0.74\n",
      "best score updated: 0.211141  coefficient=> 0.02, 0.25, 0.73\n",
      "best score updated: 0.211137  coefficient=> 0.02, 0.26, 0.72\n",
      "best score updated: 0.211133  coefficient=> 0.02, 0.27, 0.71\n",
      "best score updated: 0.211129  coefficient=> 0.02, 0.28, 0.7\n",
      "best score updated: 0.211125  coefficient=> 0.02, 0.29000000000000004, 0.69\n",
      "best score updated: 0.211122  coefficient=> 0.02, 0.3, 0.6799999999999999\n",
      "best score updated: 0.211119  coefficient=> 0.02, 0.31, 0.6699999999999999\n",
      "best score updated: 0.211116  coefficient=> 0.02, 0.32, 0.6599999999999999\n",
      "best score updated: 0.211113  coefficient=> 0.02, 0.33, 0.6499999999999999\n",
      "best score updated: 0.211110  coefficient=> 0.02, 0.34, 0.6399999999999999\n",
      "best score updated: 0.211108  coefficient=> 0.02, 0.35000000000000003, 0.6299999999999999\n",
      "best score updated: 0.211105  coefficient=> 0.02, 0.36000000000000004, 0.6199999999999999\n",
      "best score updated: 0.211103  coefficient=> 0.02, 0.37, 0.61\n",
      "best score updated: 0.211101  coefficient=> 0.02, 0.38, 0.6\n",
      "best score updated: 0.211100  coefficient=> 0.02, 0.39, 0.59\n",
      "best score updated: 0.211098  coefficient=> 0.02, 0.4, 0.58\n",
      "best score updated: 0.211097  coefficient=> 0.02, 0.41000000000000003, 0.57\n",
      "best score updated: 0.211095  coefficient=> 0.02, 0.42000000000000004, 0.5599999999999999\n",
      "best score updated: 0.211095  coefficient=> 0.02, 0.43, 0.55\n",
      "best score updated: 0.211094  coefficient=> 0.02, 0.44, 0.54\n",
      "best score updated: 0.211093  coefficient=> 0.02, 0.45, 0.53\n",
      "best score updated: 0.211093  coefficient=> 0.02, 0.46, 0.52\n",
      "best score updated: 0.211093  coefficient=> 0.02, 0.47000000000000003, 0.51\n"
     ]
    },
    {
     "name": "stderr",
     "output_type": "stream",
     "text": [
      "\r",
      "  2%|█▌                                                                             | 2/98 [00:10<08:15,  5.16s/it]"
     ]
    },
    {
     "name": "stdout",
     "output_type": "stream",
     "text": [
      "best score updated: 0.211088  coefficient=> 0.03, 0.23, 0.74\n",
      "best score updated: 0.211083  coefficient=> 0.03, 0.24000000000000002, 0.73\n",
      "best score updated: 0.211079  coefficient=> 0.03, 0.25, 0.72\n",
      "best score updated: 0.211075  coefficient=> 0.03, 0.26, 0.71\n",
      "best score updated: 0.211071  coefficient=> 0.03, 0.27, 0.7\n",
      "best score updated: 0.211067  coefficient=> 0.03, 0.28, 0.69\n",
      "best score updated: 0.211064  coefficient=> 0.03, 0.29000000000000004, 0.6799999999999999\n",
      "best score updated: 0.211060  coefficient=> 0.03, 0.3, 0.6699999999999999\n",
      "best score updated: 0.211057  coefficient=> 0.03, 0.31, 0.6599999999999999\n",
      "best score updated: 0.211054  coefficient=> 0.03, 0.32, 0.6499999999999999\n",
      "best score updated: 0.211051  coefficient=> 0.03, 0.33, 0.6399999999999999\n",
      "best score updated: 0.211049  coefficient=> 0.03, 0.34, 0.6299999999999999\n",
      "best score updated: 0.211046  coefficient=> 0.03, 0.35000000000000003, 0.6199999999999999\n",
      "best score updated: 0.211044  coefficient=> 0.03, 0.36000000000000004, 0.6099999999999999\n",
      "best score updated: 0.211042  coefficient=> 0.03, 0.37, 0.6\n",
      "best score updated: 0.211040  coefficient=> 0.03, 0.38, 0.59\n",
      "best score updated: 0.211039  coefficient=> 0.03, 0.39, 0.58\n",
      "best score updated: 0.211037  coefficient=> 0.03, 0.4, 0.57\n",
      "best score updated: 0.211036  coefficient=> 0.03, 0.41000000000000003, 0.5599999999999999\n",
      "best score updated: 0.211035  coefficient=> 0.03, 0.42000000000000004, 0.5499999999999999\n",
      "best score updated: 0.211034  coefficient=> 0.03, 0.43, 0.54\n",
      "best score updated: 0.211034  coefficient=> 0.03, 0.44, 0.53\n",
      "best score updated: 0.211033  coefficient=> 0.03, 0.45, 0.52\n",
      "best score updated: 0.211033  coefficient=> 0.03, 0.46, 0.51\n",
      "best score updated: 0.211033  coefficient=> 0.03, 0.47000000000000003, 0.49999999999999994\n"
     ]
    },
    {
     "name": "stderr",
     "output_type": "stream",
     "text": [
      "\r",
      "  3%|██▍                                                                            | 3/98 [00:15<07:59,  5.05s/it]"
     ]
    },
    {
     "name": "stdout",
     "output_type": "stream",
     "text": [
      "best score updated: 0.211031  coefficient=> 0.04, 0.22, 0.74\n",
      "best score updated: 0.211026  coefficient=> 0.04, 0.23, 0.73\n",
      "best score updated: 0.211022  coefficient=> 0.04, 0.24000000000000002, 0.72\n",
      "best score updated: 0.211018  coefficient=> 0.04, 0.25, 0.71\n",
      "best score updated: 0.211014  coefficient=> 0.04, 0.26, 0.7\n",
      "best score updated: 0.211010  coefficient=> 0.04, 0.27, 0.69\n",
      "best score updated: 0.211006  coefficient=> 0.04, 0.28, 0.6799999999999999\n",
      "best score updated: 0.211003  coefficient=> 0.04, 0.29000000000000004, 0.6699999999999999\n",
      "best score updated: 0.210999  coefficient=> 0.04, 0.3, 0.6599999999999999\n",
      "best score updated: 0.210996  coefficient=> 0.04, 0.31, 0.6499999999999999\n",
      "best score updated: 0.210994  coefficient=> 0.04, 0.32, 0.6399999999999999\n",
      "best score updated: 0.210991  coefficient=> 0.04, 0.33, 0.6299999999999999\n",
      "best score updated: 0.210988  coefficient=> 0.04, 0.34, 0.6199999999999999\n",
      "best score updated: 0.210986  coefficient=> 0.04, 0.35000000000000003, 0.6099999999999999\n",
      "best score updated: 0.210984  coefficient=> 0.04, 0.36000000000000004, 0.5999999999999999\n",
      "best score updated: 0.210982  coefficient=> 0.04, 0.37, 0.59\n",
      "best score updated: 0.210980  coefficient=> 0.04, 0.38, 0.58\n",
      "best score updated: 0.210979  coefficient=> 0.04, 0.39, 0.57\n",
      "best score updated: 0.210977  coefficient=> 0.04, 0.4, 0.5599999999999999\n",
      "best score updated: 0.210976  coefficient=> 0.04, 0.41000000000000003, 0.5499999999999999\n",
      "best score updated: 0.210975  coefficient=> 0.04, 0.42000000000000004, 0.5399999999999999\n",
      "best score updated: 0.210975  coefficient=> 0.04, 0.43, 0.53\n",
      "best score updated: 0.210974  coefficient=> 0.04, 0.44, 0.52\n",
      "best score updated: 0.210974  coefficient=> 0.04, 0.45, 0.51\n",
      "best score updated: 0.210973  coefficient=> 0.04, 0.46, 0.49999999999999994\n"
     ]
    },
    {
     "name": "stderr",
     "output_type": "stream",
     "text": [
      "\r",
      "  4%|███▏                                                                           | 4/98 [00:19<07:49,  5.00s/it]"
     ]
    },
    {
     "name": "stdout",
     "output_type": "stream",
     "text": [
      "best score updated: 0.210970  coefficient=> 0.05, 0.22, 0.73\n",
      "best score updated: 0.210965  coefficient=> 0.05, 0.23, 0.72\n",
      "best score updated: 0.210961  coefficient=> 0.05, 0.24000000000000002, 0.71\n",
      "best score updated: 0.210957  coefficient=> 0.05, 0.25, 0.7\n",
      "best score updated: 0.210953  coefficient=> 0.05, 0.26, 0.69\n",
      "best score updated: 0.210949  coefficient=> 0.05, 0.27, 0.6799999999999999\n",
      "best score updated: 0.210946  coefficient=> 0.05, 0.28, 0.6699999999999999\n",
      "best score updated: 0.210942  coefficient=> 0.05, 0.29000000000000004, 0.6599999999999999\n",
      "best score updated: 0.210939  coefficient=> 0.05, 0.3, 0.6499999999999999\n",
      "best score updated: 0.210936  coefficient=> 0.05, 0.31, 0.6399999999999999\n",
      "best score updated: 0.210933  coefficient=> 0.05, 0.32, 0.6299999999999999\n",
      "best score updated: 0.210931  coefficient=> 0.05, 0.33, 0.6199999999999999\n",
      "best score updated: 0.210928  coefficient=> 0.05, 0.34, 0.6099999999999999\n",
      "best score updated: 0.210926  coefficient=> 0.05, 0.35000000000000003, 0.5999999999999999\n",
      "best score updated: 0.210924  coefficient=> 0.05, 0.36000000000000004, 0.5899999999999999\n",
      "best score updated: 0.210922  coefficient=> 0.05, 0.37, 0.58\n",
      "best score updated: 0.210921  coefficient=> 0.05, 0.38, 0.57\n",
      "best score updated: 0.210919  coefficient=> 0.05, 0.39, 0.5599999999999999\n",
      "best score updated: 0.210918  coefficient=> 0.05, 0.4, 0.5499999999999999\n",
      "best score updated: 0.210917  coefficient=> 0.05, 0.41000000000000003, 0.5399999999999999\n",
      "best score updated: 0.210916  coefficient=> 0.05, 0.42000000000000004, 0.5299999999999999\n",
      "best score updated: 0.210916  coefficient=> 0.05, 0.43, 0.52\n",
      "best score updated: 0.210915  coefficient=> 0.05, 0.44, 0.51\n",
      "best score updated: 0.210915  coefficient=> 0.05, 0.45, 0.49999999999999994\n",
      "best score updated: 0.210915  coefficient=> 0.05, 0.46, 0.48999999999999994\n"
     ]
    },
    {
     "name": "stderr",
     "output_type": "stream",
     "text": [
      "\r",
      "  5%|████                                                                           | 5/98 [00:24<07:39,  4.94s/it]"
     ]
    },
    {
     "name": "stdout",
     "output_type": "stream",
     "text": [
      "best score updated: 0.210914  coefficient=> 0.060000000000000005, 0.21000000000000002, 0.73\n",
      "best score updated: 0.210910  coefficient=> 0.060000000000000005, 0.22, 0.72\n",
      "best score updated: 0.210905  coefficient=> 0.060000000000000005, 0.23, 0.71\n",
      "best score updated: 0.210901  coefficient=> 0.060000000000000005, 0.24000000000000002, 0.7\n",
      "best score updated: 0.210897  coefficient=> 0.060000000000000005, 0.25, 0.69\n",
      "best score updated: 0.210893  coefficient=> 0.060000000000000005, 0.26, 0.6799999999999999\n",
      "best score updated: 0.210889  coefficient=> 0.060000000000000005, 0.27, 0.6699999999999999\n",
      "best score updated: 0.210886  coefficient=> 0.060000000000000005, 0.28, 0.6599999999999999\n",
      "best score updated: 0.210883  coefficient=> 0.060000000000000005, 0.29000000000000004, 0.6499999999999999\n",
      "best score updated: 0.210880  coefficient=> 0.060000000000000005, 0.3, 0.6399999999999999\n",
      "best score updated: 0.210877  coefficient=> 0.060000000000000005, 0.31, 0.6299999999999999\n",
      "best score updated: 0.210874  coefficient=> 0.060000000000000005, 0.32, 0.6199999999999999\n",
      "best score updated: 0.210872  coefficient=> 0.060000000000000005, 0.33, 0.6099999999999999\n",
      "best score updated: 0.210869  coefficient=> 0.060000000000000005, 0.34, 0.5999999999999999\n",
      "best score updated: 0.210867  coefficient=> 0.060000000000000005, 0.35000000000000003, 0.5899999999999999\n",
      "best score updated: 0.210865  coefficient=> 0.060000000000000005, 0.36000000000000004, 0.5799999999999998\n",
      "best score updated: 0.210863  coefficient=> 0.060000000000000005, 0.37, 0.57\n",
      "best score updated: 0.210862  coefficient=> 0.060000000000000005, 0.38, 0.5599999999999999\n",
      "best score updated: 0.210861  coefficient=> 0.060000000000000005, 0.39, 0.5499999999999999\n",
      "best score updated: 0.210859  coefficient=> 0.060000000000000005, 0.4, 0.5399999999999999\n",
      "best score updated: 0.210858  coefficient=> 0.060000000000000005, 0.41000000000000003, 0.5299999999999999\n",
      "best score updated: 0.210858  coefficient=> 0.060000000000000005, 0.42000000000000004, 0.5199999999999999\n",
      "best score updated: 0.210857  coefficient=> 0.060000000000000005, 0.43, 0.51\n",
      "best score updated: 0.210857  coefficient=> 0.060000000000000005, 0.44, 0.49999999999999994\n",
      "best score updated: 0.210857  coefficient=> 0.060000000000000005, 0.45, 0.48999999999999994\n"
     ]
    },
    {
     "name": "stderr",
     "output_type": "stream",
     "text": [
      "\r",
      "  6%|████▊                                                                          | 6/98 [00:29<07:29,  4.88s/it]"
     ]
    },
    {
     "name": "stdout",
     "output_type": "stream",
     "text": [
      "best score updated: 0.210854  coefficient=> 0.06999999999999999, 0.21000000000000002, 0.72\n",
      "best score updated: 0.210850  coefficient=> 0.06999999999999999, 0.22, 0.7100000000000001\n",
      "best score updated: 0.210846  coefficient=> 0.06999999999999999, 0.23, 0.7000000000000001\n",
      "best score updated: 0.210841  coefficient=> 0.06999999999999999, 0.24000000000000002, 0.6900000000000001\n",
      "best score updated: 0.210838  coefficient=> 0.06999999999999999, 0.25, 0.68\n",
      "best score updated: 0.210834  coefficient=> 0.06999999999999999, 0.26, 0.67\n",
      "best score updated: 0.210830  coefficient=> 0.06999999999999999, 0.27, 0.66\n",
      "best score updated: 0.210827  coefficient=> 0.06999999999999999, 0.28, 0.65\n",
      "best score updated: 0.210824  coefficient=> 0.06999999999999999, 0.29000000000000004, 0.64\n",
      "best score updated: 0.210821  coefficient=> 0.06999999999999999, 0.3, 0.6300000000000001\n",
      "best score updated: 0.210818  coefficient=> 0.06999999999999999, 0.31, 0.6200000000000001\n",
      "best score updated: 0.210815  coefficient=> 0.06999999999999999, 0.32, 0.6100000000000001\n",
      "best score updated: 0.210813  coefficient=> 0.06999999999999999, 0.33, 0.6000000000000001\n",
      "best score updated: 0.210811  coefficient=> 0.06999999999999999, 0.34, 0.5900000000000001\n",
      "best score updated: 0.210809  coefficient=> 0.06999999999999999, 0.35000000000000003, 0.5800000000000001\n",
      "best score updated: 0.210807  coefficient=> 0.06999999999999999, 0.36000000000000004, 0.5700000000000001\n",
      "best score updated: 0.210805  coefficient=> 0.06999999999999999, 0.37, 0.56\n",
      "best score updated: 0.210804  coefficient=> 0.06999999999999999, 0.38, 0.55\n",
      "best score updated: 0.210803  coefficient=> 0.06999999999999999, 0.39, 0.54\n",
      "best score updated: 0.210801  coefficient=> 0.06999999999999999, 0.4, 0.53\n",
      "best score updated: 0.210801  coefficient=> 0.06999999999999999, 0.41000000000000003, 0.52\n",
      "best score updated: 0.210800  coefficient=> 0.06999999999999999, 0.42000000000000004, 0.51\n",
      "best score updated: 0.210799  coefficient=> 0.06999999999999999, 0.43, 0.5\n",
      "best score updated: 0.210799  coefficient=> 0.06999999999999999, 0.44, 0.49000000000000005\n",
      "best score updated: 0.210799  coefficient=> 0.06999999999999999, 0.45, 0.48000000000000004\n"
     ]
    },
    {
     "name": "stderr",
     "output_type": "stream",
     "text": [
      "\r",
      "  7%|█████▋                                                                         | 7/98 [00:33<07:21,  4.85s/it]"
     ]
    },
    {
     "name": "stdout",
     "output_type": "stream",
     "text": [
      "best score updated: 0.210795  coefficient=> 0.08, 0.21000000000000002, 0.71\n",
      "best score updated: 0.210791  coefficient=> 0.08, 0.22, 0.7000000000000001\n",
      "best score updated: 0.210787  coefficient=> 0.08, 0.23, 0.6900000000000001\n",
      "best score updated: 0.210783  coefficient=> 0.08, 0.24000000000000002, 0.68\n",
      "best score updated: 0.210779  coefficient=> 0.08, 0.25, 0.67\n",
      "best score updated: 0.210775  coefficient=> 0.08, 0.26, 0.66\n",
      "best score updated: 0.210772  coefficient=> 0.08, 0.27, 0.65\n",
      "best score updated: 0.210768  coefficient=> 0.08, 0.28, 0.64\n",
      "best score updated: 0.210765  coefficient=> 0.08, 0.29000000000000004, 0.63\n",
      "best score updated: 0.210762  coefficient=> 0.08, 0.3, 0.6200000000000001\n",
      "best score updated: 0.210760  coefficient=> 0.08, 0.31, 0.6100000000000001\n",
      "best score updated: 0.210757  coefficient=> 0.08, 0.32, 0.6000000000000001\n",
      "best score updated: 0.210755  coefficient=> 0.08, 0.33, 0.5900000000000001\n",
      "best score updated: 0.210753  coefficient=> 0.08, 0.34, 0.5800000000000001\n",
      "best score updated: 0.210751  coefficient=> 0.08, 0.35000000000000003, 0.5700000000000001\n",
      "best score updated: 0.210749  coefficient=> 0.08, 0.36000000000000004, 0.56\n",
      "best score updated: 0.210748  coefficient=> 0.08, 0.37, 0.55\n",
      "best score updated: 0.210746  coefficient=> 0.08, 0.38, 0.54\n",
      "best score updated: 0.210745  coefficient=> 0.08, 0.39, 0.53\n",
      "best score updated: 0.210744  coefficient=> 0.08, 0.4, 0.52\n",
      "best score updated: 0.210743  coefficient=> 0.08, 0.41000000000000003, 0.51\n",
      "best score updated: 0.210743  coefficient=> 0.08, 0.42000000000000004, 0.5\n",
      "best score updated: 0.210742  coefficient=> 0.08, 0.43, 0.49000000000000005\n",
      "best score updated: 0.210742  coefficient=> 0.08, 0.44, 0.48000000000000004\n"
     ]
    },
    {
     "name": "stderr",
     "output_type": "stream",
     "text": [
      "\r",
      "  8%|██████▍                                                                        | 8/98 [00:38<07:12,  4.81s/it]"
     ]
    },
    {
     "name": "stdout",
     "output_type": "stream",
     "text": [
      "best score updated: 0.210741  coefficient=> 0.09, 0.2, 0.71\n",
      "best score updated: 0.210737  coefficient=> 0.09, 0.21000000000000002, 0.7\n",
      "best score updated: 0.210733  coefficient=> 0.09, 0.22, 0.6900000000000001\n",
      "best score updated: 0.210728  coefficient=> 0.09, 0.23, 0.68\n",
      "best score updated: 0.210724  coefficient=> 0.09, 0.24000000000000002, 0.67\n",
      "best score updated: 0.210721  coefficient=> 0.09, 0.25, 0.66\n",
      "best score updated: 0.210717  coefficient=> 0.09, 0.26, 0.65\n",
      "best score updated: 0.210714  coefficient=> 0.09, 0.27, 0.64\n",
      "best score updated: 0.210711  coefficient=> 0.09, 0.28, 0.63\n",
      "best score updated: 0.210708  coefficient=> 0.09, 0.29000000000000004, 0.62\n",
      "best score updated: 0.210705  coefficient=> 0.09, 0.3, 0.6100000000000001\n",
      "best score updated: 0.210702  coefficient=> 0.09, 0.31, 0.6000000000000001\n",
      "best score updated: 0.210700  coefficient=> 0.09, 0.32, 0.5900000000000001\n",
      "best score updated: 0.210698  coefficient=> 0.09, 0.33, 0.5800000000000001\n",
      "best score updated: 0.210696  coefficient=> 0.09, 0.34, 0.5700000000000001\n",
      "best score updated: 0.210694  coefficient=> 0.09, 0.35000000000000003, 0.56\n",
      "best score updated: 0.210692  coefficient=> 0.09, 0.36000000000000004, 0.55\n",
      "best score updated: 0.210691  coefficient=> 0.09, 0.37, 0.54\n",
      "best score updated: 0.210689  coefficient=> 0.09, 0.38, 0.53\n",
      "best score updated: 0.210688  coefficient=> 0.09, 0.39, 0.52\n",
      "best score updated: 0.210688  coefficient=> 0.09, 0.4, 0.51\n",
      "best score updated: 0.210687  coefficient=> 0.09, 0.41000000000000003, 0.5\n",
      "best score updated: 0.210686  coefficient=> 0.09, 0.42000000000000004, 0.49\n",
      "best score updated: 0.210686  coefficient=> 0.09, 0.43, 0.48000000000000004\n",
      "best score updated: 0.210686  coefficient=> 0.09, 0.44, 0.47000000000000003\n"
     ]
    },
    {
     "name": "stderr",
     "output_type": "stream",
     "text": [
      "\r",
      "  9%|███████▎                                                                       | 9/98 [00:42<07:04,  4.77s/it]"
     ]
    },
    {
     "name": "stdout",
     "output_type": "stream",
     "text": [
      "best score updated: 0.210684  coefficient=> 0.09999999999999999, 0.2, 0.7\n",
      "best score updated: 0.210679  coefficient=> 0.09999999999999999, 0.21000000000000002, 0.69\n",
      "best score updated: 0.210675  coefficient=> 0.09999999999999999, 0.22, 0.68\n",
      "best score updated: 0.210671  coefficient=> 0.09999999999999999, 0.23, 0.67\n",
      "best score updated: 0.210667  coefficient=> 0.09999999999999999, 0.24000000000000002, 0.66\n",
      "best score updated: 0.210663  coefficient=> 0.09999999999999999, 0.25, 0.65\n",
      "best score updated: 0.210660  coefficient=> 0.09999999999999999, 0.26, 0.64\n",
      "best score updated: 0.210657  coefficient=> 0.09999999999999999, 0.27, 0.63\n",
      "best score updated: 0.210653  coefficient=> 0.09999999999999999, 0.28, 0.62\n",
      "best score updated: 0.210651  coefficient=> 0.09999999999999999, 0.29000000000000004, 0.61\n",
      "best score updated: 0.210648  coefficient=> 0.09999999999999999, 0.3, 0.6000000000000001\n",
      "best score updated: 0.210645  coefficient=> 0.09999999999999999, 0.31, 0.5900000000000001\n",
      "best score updated: 0.210643  coefficient=> 0.09999999999999999, 0.32, 0.5800000000000001\n",
      "best score updated: 0.210641  coefficient=> 0.09999999999999999, 0.33, 0.5700000000000001\n",
      "best score updated: 0.210639  coefficient=> 0.09999999999999999, 0.34, 0.56\n",
      "best score updated: 0.210637  coefficient=> 0.09999999999999999, 0.35000000000000003, 0.55\n",
      "best score updated: 0.210636  coefficient=> 0.09999999999999999, 0.36000000000000004, 0.54\n",
      "best score updated: 0.210634  coefficient=> 0.09999999999999999, 0.37, 0.53\n",
      "best score updated: 0.210633  coefficient=> 0.09999999999999999, 0.38, 0.52\n",
      "best score updated: 0.210632  coefficient=> 0.09999999999999999, 0.39, 0.51\n",
      "best score updated: 0.210632  coefficient=> 0.09999999999999999, 0.4, 0.5\n",
      "best score updated: 0.210631  coefficient=> 0.09999999999999999, 0.41000000000000003, 0.49\n",
      "best score updated: 0.210631  coefficient=> 0.09999999999999999, 0.42000000000000004, 0.48\n",
      "best score updated: 0.210630  coefficient=> 0.09999999999999999, 0.43, 0.47000000000000003\n"
     ]
    },
    {
     "name": "stderr",
     "output_type": "stream",
     "text": [
      "\r",
      " 10%|███████▉                                                                      | 10/98 [00:47<06:57,  4.74s/it]"
     ]
    },
    {
     "name": "stdout",
     "output_type": "stream",
     "text": [
      "best score updated: 0.210626  coefficient=> 0.11, 0.2, 0.69\n",
      "best score updated: 0.210622  coefficient=> 0.11, 0.21000000000000002, 0.6799999999999999\n",
      "best score updated: 0.210618  coefficient=> 0.11, 0.22, 0.67\n",
      "best score updated: 0.210614  coefficient=> 0.11, 0.23, 0.66\n",
      "best score updated: 0.210610  coefficient=> 0.11, 0.24000000000000002, 0.65\n",
      "best score updated: 0.210607  coefficient=> 0.11, 0.25, 0.64\n",
      "best score updated: 0.210603  coefficient=> 0.11, 0.26, 0.63\n",
      "best score updated: 0.210600  coefficient=> 0.11, 0.27, 0.62\n",
      "best score updated: 0.210597  coefficient=> 0.11, 0.28, 0.61\n",
      "best score updated: 0.210594  coefficient=> 0.11, 0.29000000000000004, 0.6\n",
      "best score updated: 0.210592  coefficient=> 0.11, 0.3, 0.5900000000000001\n",
      "best score updated: 0.210589  coefficient=> 0.11, 0.31, 0.5800000000000001\n",
      "best score updated: 0.210587  coefficient=> 0.11, 0.32, 0.5700000000000001\n",
      "best score updated: 0.210585  coefficient=> 0.11, 0.33, 0.56\n",
      "best score updated: 0.210583  coefficient=> 0.11, 0.34, 0.55\n",
      "best score updated: 0.210582  coefficient=> 0.11, 0.35000000000000003, 0.54\n",
      "best score updated: 0.210580  coefficient=> 0.11, 0.36000000000000004, 0.53\n",
      "best score updated: 0.210579  coefficient=> 0.11, 0.37, 0.52\n",
      "best score updated: 0.210578  coefficient=> 0.11, 0.38, 0.51\n",
      "best score updated: 0.210577  coefficient=> 0.11, 0.39, 0.5\n",
      "best score updated: 0.210576  coefficient=> 0.11, 0.4, 0.49\n",
      "best score updated: 0.210576  coefficient=> 0.11, 0.41000000000000003, 0.48\n",
      "best score updated: 0.210576  coefficient=> 0.11, 0.42000000000000004, 0.47\n",
      "best score updated: 0.210575  coefficient=> 0.11, 0.43, 0.46\n"
     ]
    },
    {
     "name": "stderr",
     "output_type": "stream",
     "text": [
      "\r",
      " 11%|████████▊                                                                     | 11/98 [00:51<06:50,  4.71s/it]"
     ]
    },
    {
     "name": "stdout",
     "output_type": "stream",
     "text": [
      "best score updated: 0.210574  coefficient=> 0.12, 0.19, 0.69\n",
      "best score updated: 0.210570  coefficient=> 0.12, 0.2, 0.6799999999999999\n",
      "best score updated: 0.210566  coefficient=> 0.12, 0.21000000000000002, 0.6699999999999999\n",
      "best score updated: 0.210561  coefficient=> 0.12, 0.22, 0.66\n",
      "best score updated: 0.210558  coefficient=> 0.12, 0.23, 0.65\n",
      "best score updated: 0.210554  coefficient=> 0.12, 0.24000000000000002, 0.64\n",
      "best score updated: 0.210550  coefficient=> 0.12, 0.25, 0.63\n",
      "best score updated: 0.210547  coefficient=> 0.12, 0.26, 0.62\n",
      "best score updated: 0.210544  coefficient=> 0.12, 0.27, 0.61\n",
      "best score updated: 0.210541  coefficient=> 0.12, 0.28, 0.6\n",
      "best score updated: 0.210539  coefficient=> 0.12, 0.29000000000000004, 0.59\n",
      "best score updated: 0.210536  coefficient=> 0.12, 0.3, 0.5800000000000001\n",
      "best score updated: 0.210534  coefficient=> 0.12, 0.31, 0.5700000000000001\n",
      "best score updated: 0.210532  coefficient=> 0.12, 0.32, 0.56\n",
      "best score updated: 0.210530  coefficient=> 0.12, 0.33, 0.55\n",
      "best score updated: 0.210528  coefficient=> 0.12, 0.34, 0.54\n",
      "best score updated: 0.210526  coefficient=> 0.12, 0.35000000000000003, 0.53\n",
      "best score updated: 0.210525  coefficient=> 0.12, 0.36000000000000004, 0.52\n",
      "best score updated: 0.210524  coefficient=> 0.12, 0.37, 0.51\n",
      "best score updated: 0.210523  coefficient=> 0.12, 0.38, 0.5\n",
      "best score updated: 0.210522  coefficient=> 0.12, 0.39, 0.49\n",
      "best score updated: 0.210522  coefficient=> 0.12, 0.4, 0.48\n",
      "best score updated: 0.210521  coefficient=> 0.12, 0.41000000000000003, 0.47\n",
      "best score updated: 0.210521  coefficient=> 0.12, 0.42000000000000004, 0.45999999999999996\n"
     ]
    },
    {
     "name": "stderr",
     "output_type": "stream",
     "text": [
      "\r",
      " 12%|█████████▌                                                                    | 12/98 [00:56<06:43,  4.69s/it]"
     ]
    },
    {
     "name": "stdout",
     "output_type": "stream",
     "text": [
      "best score updated: 0.210518  coefficient=> 0.13, 0.19, 0.6799999999999999\n",
      "best score updated: 0.210514  coefficient=> 0.13, 0.2, 0.6699999999999999\n",
      "best score updated: 0.210510  coefficient=> 0.13, 0.21000000000000002, 0.6599999999999999\n",
      "best score updated: 0.210506  coefficient=> 0.13, 0.22, 0.65\n",
      "best score updated: 0.210502  coefficient=> 0.13, 0.23, 0.64\n",
      "best score updated: 0.210498  coefficient=> 0.13, 0.24000000000000002, 0.63\n",
      "best score updated: 0.210495  coefficient=> 0.13, 0.25, 0.62\n",
      "best score updated: 0.210492  coefficient=> 0.13, 0.26, 0.61\n",
      "best score updated: 0.210489  coefficient=> 0.13, 0.27, 0.6\n",
      "best score updated: 0.210486  coefficient=> 0.13, 0.28, 0.59\n",
      "best score updated: 0.210484  coefficient=> 0.13, 0.29000000000000004, 0.58\n",
      "best score updated: 0.210481  coefficient=> 0.13, 0.3, 0.5700000000000001\n",
      "best score updated: 0.210479  coefficient=> 0.13, 0.31, 0.56\n",
      "best score updated: 0.210477  coefficient=> 0.13, 0.32, 0.55\n",
      "best score updated: 0.210475  coefficient=> 0.13, 0.33, 0.54\n",
      "best score updated: 0.210473  coefficient=> 0.13, 0.34, 0.53\n",
      "best score updated: 0.210472  coefficient=> 0.13, 0.35000000000000003, 0.52\n",
      "best score updated: 0.210471  coefficient=> 0.13, 0.36000000000000004, 0.51\n",
      "best score updated: 0.210470  coefficient=> 0.13, 0.37, 0.5\n",
      "best score updated: 0.210469  coefficient=> 0.13, 0.38, 0.49\n",
      "best score updated: 0.210468  coefficient=> 0.13, 0.39, 0.48\n",
      "best score updated: 0.210468  coefficient=> 0.13, 0.4, 0.47\n",
      "best score updated: 0.210467  coefficient=> 0.13, 0.41000000000000003, 0.45999999999999996\n",
      "best score updated: 0.210467  coefficient=> 0.13, 0.42000000000000004, 0.44999999999999996\n"
     ]
    },
    {
     "name": "stderr",
     "output_type": "stream",
     "text": [
      "\r",
      " 13%|██████████▎                                                                   | 13/98 [01:00<06:36,  4.66s/it]"
     ]
    },
    {
     "name": "stdout",
     "output_type": "stream",
     "text": [
      "best score updated: 0.210463  coefficient=> 0.14, 0.19, 0.6699999999999999\n",
      "best score updated: 0.210459  coefficient=> 0.14, 0.2, 0.6599999999999999\n",
      "best score updated: 0.210455  coefficient=> 0.14, 0.21000000000000002, 0.6499999999999999\n",
      "best score updated: 0.210451  coefficient=> 0.14, 0.22, 0.64\n",
      "best score updated: 0.210447  coefficient=> 0.14, 0.23, 0.63\n",
      "best score updated: 0.210444  coefficient=> 0.14, 0.24000000000000002, 0.62\n",
      "best score updated: 0.210440  coefficient=> 0.14, 0.25, 0.61\n",
      "best score updated: 0.210437  coefficient=> 0.14, 0.26, 0.6\n",
      "best score updated: 0.210434  coefficient=> 0.14, 0.27, 0.59\n",
      "best score updated: 0.210432  coefficient=> 0.14, 0.28, 0.58\n",
      "best score updated: 0.210429  coefficient=> 0.14, 0.29000000000000004, 0.57\n",
      "best score updated: 0.210427  coefficient=> 0.14, 0.3, 0.56\n",
      "best score updated: 0.210425  coefficient=> 0.14, 0.31, 0.55\n",
      "best score updated: 0.210423  coefficient=> 0.14, 0.32, 0.54\n",
      "best score updated: 0.210421  coefficient=> 0.14, 0.33, 0.53\n",
      "best score updated: 0.210420  coefficient=> 0.14, 0.34, 0.52\n",
      "best score updated: 0.210418  coefficient=> 0.14, 0.35000000000000003, 0.51\n",
      "best score updated: 0.210417  coefficient=> 0.14, 0.36000000000000004, 0.49999999999999994\n",
      "best score updated: 0.210416  coefficient=> 0.14, 0.37, 0.49\n",
      "best score updated: 0.210415  coefficient=> 0.14, 0.38, 0.48\n",
      "best score updated: 0.210415  coefficient=> 0.14, 0.39, 0.47\n",
      "best score updated: 0.210414  coefficient=> 0.14, 0.4, 0.45999999999999996\n",
      "best score updated: 0.210414  coefficient=> 0.14, 0.41000000000000003, 0.44999999999999996\n"
     ]
    },
    {
     "name": "stderr",
     "output_type": "stream",
     "text": [
      "\r",
      " 14%|███████████▏                                                                  | 14/98 [01:04<06:28,  4.63s/it]"
     ]
    },
    {
     "name": "stdout",
     "output_type": "stream",
     "text": [
      "best score updated: 0.210413  coefficient=> 0.15000000000000002, 0.18000000000000002, 0.6699999999999999\n",
      "best score updated: 0.210408  coefficient=> 0.15000000000000002, 0.19, 0.6599999999999999\n",
      "best score updated: 0.210404  coefficient=> 0.15000000000000002, 0.2, 0.6499999999999999\n",
      "best score updated: 0.210400  coefficient=> 0.15000000000000002, 0.21000000000000002, 0.6399999999999999\n",
      "best score updated: 0.210396  coefficient=> 0.15000000000000002, 0.22, 0.63\n",
      "best score updated: 0.210393  coefficient=> 0.15000000000000002, 0.23, 0.62\n",
      "best score updated: 0.210389  coefficient=> 0.15000000000000002, 0.24000000000000002, 0.61\n",
      "best score updated: 0.210386  coefficient=> 0.15000000000000002, 0.25, 0.6\n",
      "best score updated: 0.210383  coefficient=> 0.15000000000000002, 0.26, 0.59\n",
      "best score updated: 0.210380  coefficient=> 0.15000000000000002, 0.27, 0.58\n",
      "best score updated: 0.210378  coefficient=> 0.15000000000000002, 0.28, 0.57\n",
      "best score updated: 0.210375  coefficient=> 0.15000000000000002, 0.29000000000000004, 0.5599999999999999\n",
      "best score updated: 0.210373  coefficient=> 0.15000000000000002, 0.3, 0.55\n",
      "best score updated: 0.210371  coefficient=> 0.15000000000000002, 0.31, 0.54\n",
      "best score updated: 0.210369  coefficient=> 0.15000000000000002, 0.32, 0.53\n",
      "best score updated: 0.210368  coefficient=> 0.15000000000000002, 0.33, 0.52\n",
      "best score updated: 0.210366  coefficient=> 0.15000000000000002, 0.34, 0.51\n",
      "best score updated: 0.210365  coefficient=> 0.15000000000000002, 0.35000000000000003, 0.49999999999999994\n",
      "best score updated: 0.210364  coefficient=> 0.15000000000000002, 0.36000000000000004, 0.48999999999999994\n",
      "best score updated: 0.210363  coefficient=> 0.15000000000000002, 0.37, 0.48\n",
      "best score updated: 0.210363  coefficient=> 0.15000000000000002, 0.38, 0.47\n",
      "best score updated: 0.210362  coefficient=> 0.15000000000000002, 0.39, 0.45999999999999996\n",
      "best score updated: 0.210362  coefficient=> 0.15000000000000002, 0.4, 0.44999999999999996\n",
      "best score updated: 0.210362  coefficient=> 0.15000000000000002, 0.41000000000000003, 0.43999999999999995\n"
     ]
    },
    {
     "name": "stderr",
     "output_type": "stream",
     "text": [
      "\r",
